0,	0.485816
10,	0.429540
20,	0.368232
30,	0.337638
40,	0.322192
50,	0.308322
60,	0.298676
70,	0.299339
80,	0.288196
90,	0.293109
100,	0.285684
110,	0.286402
120,	0.282735
130,	0.287543
140,	0.284793
150,	0.282199
160,	0.289987
170,	0.280904
180,	0.284385
190,	0.284675
200,	0.285111
210,	0.285391
220,	0.286192
230,	0.285122
240,	0.284313
250,	0.288702
260,	0.286562
270,	0.287081
280,	0.287924
290,	0.289219
300,	0.287840
310,	0.288253
320,	0.287219
330,	0.288926
340,	0.289826
350,	0.289206
360,	0.289622
370,	0.289534
e
0,	0.485816
10,	0.282773
20,	0.219021
30,	0.184586
40,	0.175262
50,	0.170205
60,	0.169502
70,	0.168232
80,	0.164801
90,	0.164382
100,	0.165658
110,	0.166691
120,	0.163869
130,	0.165448
140,	0.165158
150,	0.165913
160,	0.166837
170,	0.162752
180,	0.165210
190,	0.167023
200,	0.165785
210,	0.165530
220,	0.164903
230,	0.163241
240,	0.167376
250,	0.167227
260,	0.166718
270,	0.167293
280,	0.168151
290,	0.170243
300,	0.168596
310,	0.167225
320,	0.168478
330,	0.171787
340,	0.169476
350,	0.169131
360,	0.168405
370,	0.170111
e
0,	0.485816
10,	0.086664
20,	0.041982
30,	0.023419
40,	0.015604
50,	0.014131
60,	0.014171
70,	0.014146
80,	0.014149
90,	0.014139
100,	0.014130
110,	0.014121
120,	0.014135
130,	0.014130
140,	0.014121
150,	0.014130
160,	0.014117
170,	0.014130
180,	0.014118
190,	0.014129
200,	0.014114
210,	0.014120
220,	0.014119
230,	0.014121
240,	0.014112
250,	0.014108
260,	0.014113
270,	0.014106
280,	0.014114
290,	0.014111
300,	0.014113
310,	0.014110
320,	0.014114
330,	0.014115
340,	0.014113
350,	0.014109
360,	0.014106
370,	0.014112
e
0,	0.485816
10,	0.283496
20,	0.219065
30,	0.184336
40,	0.174345
50,	0.172737
60,	0.169976
70,	0.169978
80,	0.165359
90,	0.162568
100,	0.165861
110,	0.166503
120,	0.163248
130,	0.166294
140,	0.163688
150,	0.164189
160,	0.165459
170,	0.163072
180,	0.165000
190,	0.166634
200,	0.167070
210,	0.165446
220,	0.164579
230,	0.164501
240,	0.166709
250,	0.166612
260,	0.166696
270,	0.166423
280,	0.169117
290,	0.171004
300,	0.167906
310,	0.166557
320,	0.168674
330,	0.171751
340,	0.169890
350,	0.169723
360,	0.169032
370,	0.170771
e
