0,0.485816
1,0.485816
2,0.485814
3,0.485790
4,0.485548
5,0.484442
6,0.480708
7,0.470424
8,0.456030
9,0.442945
10,0.429540
11,0.419685
12,0.411731
13,0.403149
14,0.395949
15,0.390959
16,0.386681
17,0.380881
18,0.375627
19,0.369276
20,0.368232
21,0.365998
22,0.362301
23,0.359284
24,0.356604
25,0.356334
26,0.353646
27,0.350150
28,0.347237
29,0.343973
30,0.337638
31,0.335879
32,0.332050
33,0.327673
34,0.326788
35,0.325460
36,0.324642
37,0.323661
38,0.320776
39,0.322694
40,0.322192
41,0.323311
42,0.320737
43,0.318390
44,0.315052
45,0.316493
46,0.312002
47,0.310015
48,0.309104
49,0.309984
50,0.308322
51,0.307441
52,0.305004
53,0.301837
54,0.296726
55,0.293019
56,0.297810
57,0.294757
58,0.295624
59,0.296639
60,0.298676
61,0.295430
62,0.292218
63,0.289288
64,0.291922
65,0.295320
66,0.295170
67,0.295100
68,0.294825
69,0.298306
70,0.299339
71,0.298832
72,0.299744
73,0.297040
74,0.292115
75,0.291203
76,0.289332
77,0.288550
78,0.288361
79,0.288423
80,0.288196
81,0.289424
82,0.287397
83,0.291317
84,0.292564
85,0.295258
86,0.295095
87,0.294218
88,0.291970
89,0.294346
90,0.293109
91,0.291967
92,0.290611
93,0.292067
94,0.292281
95,0.290436
96,0.289614
97,0.288334
98,0.285818
99,0.282287
100,0.285684
101,0.282903
102,0.284421
103,0.285148
104,0.287738
105,0.284779
106,0.281966
107,0.280411
108,0.281459
109,0.285523
110,0.286402
111,0.285758
112,0.285313
113,0.288861
114,0.290652
115,0.289594
116,0.290368
117,0.288841
118,0.285440
119,0.284048
120,0.282735
121,0.282054
122,0.282106
123,0.282069
124,0.281533
125,0.282306
126,0.281099
127,0.284732
128,0.285332
129,0.287154
130,0.287543
131,0.286989
132,0.286159
133,0.286401
134,0.285722
135,0.285491
136,0.284452
137,0.286045
138,0.287344
139,0.286230
140,0.284793
141,0.284221
142,0.283719
143,0.280795
144,0.283361
145,0.281420
146,0.283550
147,0.283684
148,0.286253
149,0.284934
150,0.282199
151,0.280748
152,0.281255
153,0.282944
154,0.283321
155,0.283257
156,0.284431
157,0.287290
158,0.288501
159,0.288282
160,0.289987
161,0.288800
162,0.286350
163,0.284800
164,0.284143
165,0.283333
166,0.282870
167,0.282133
168,0.281342
169,0.282157
170,0.280904
171,0.283090
172,0.283639
173,0.285473
174,0.285948
175,0.285362
176,0.285117
177,0.285354
178,0.284833
179,0.284767
180,0.284385
181,0.284834
182,0.285916
183,0.285558
184,0.284522
185,0.283592
186,0.283874
187,0.281956
188,0.283684
189,0.282523
190,0.284675
191,0.284852
192,0.285748
193,0.284990
194,0.282903
195,0.282563
196,0.282351
197,0.284179
198,0.284706
199,0.284677
200,0.285111
201,0.286902
202,0.288045
203,0.288037
204,0.289693
205,0.289051
206,0.287137
207,0.286100
208,0.285651
209,0.285166
210,0.285391
211,0.285089
212,0.284261
213,0.284092
214,0.283240
215,0.285081
216,0.285141
217,0.285596
218,0.286600
219,0.286685
220,0.286192
221,0.286648
222,0.286249
223,0.285932
224,0.285773
225,0.285944
226,0.286906
227,0.286229
228,0.285562
229,0.284718
230,0.285122
231,0.283818
232,0.284733
233,0.284622
234,0.286300
235,0.286616
236,0.287387
237,0.286794
238,0.285120
239,0.284772
240,0.284313
241,0.285506
242,0.286168
243,0.285762
244,0.286016
245,0.287845
246,0.288501
247,0.288379
248,0.289887
249,0.289960
250,0.288702
251,0.287877
252,0.287620
253,0.286899
254,0.286837
255,0.286521
256,0.285632
257,0.285605
258,0.285378
259,0.285777
260,0.286562
261,0.286549
262,0.287061
263,0.287272
264,0.287356
265,0.287322
266,0.286566
267,0.286133
268,0.286257
269,0.286275
270,0.287081
271,0.286506
272,0.285940
273,0.285354
274,0.285757
275,0.284513
276,0.285183
277,0.285214
278,0.286625
279,0.287281
280,0.287924
281,0.288045
282,0.286943
283,0.286907
284,0.286883
285,0.287698
286,0.287869
287,0.287966
288,0.288024
289,0.288950
290,0.289219
291,0.289355
292,0.290225
293,0.290666
294,0.290022
295,0.289636
296,0.289486
297,0.289119
298,0.288706
299,0.288431
300,0.287840
301,0.287598
302,0.287466
303,0.287684
304,0.288071
305,0.287961
306,0.288278
307,0.288716
308,0.288531
309,0.288667
310,0.288253
311,0.287996
312,0.288068
313,0.287976
314,0.288684
315,0.288593
316,0.288453
317,0.288060
318,0.288071
319,0.287303
320,0.287219
321,0.287150
322,0.287837
323,0.288385
324,0.288799
325,0.288974
326,0.288695
327,0.288760
328,0.288614
329,0.288863
330,0.288926
331,0.289023
332,0.288976
333,0.289230
334,0.289442
335,0.289343
336,0.289871
337,0.290228
338,0.290128
339,0.289915
340,0.289826
341,0.289753
342,0.289475
343,0.289333
344,0.289304
345,0.289168
346,0.288991
347,0.288991
348,0.289197
349,0.289052
350,0.289206
351,0.289457
352,0.289356
353,0.289436
354,0.289195
355,0.289044
356,0.289164
357,0.289214
358,0.289495
359,0.289516
360,0.289622
361,0.289557
362,0.289478
363,0.289263
364,0.289187
365,0.289130
366,0.289197
367,0.289319
368,0.289457
369,0.289550
370,0.289534
371,0.289571
372,0.289601
373,0.289638
374,0.289624
375,0.289677
376,0.289686
377,0.289719
e
0,0.485816
1,0.485813
2,0.485197
3,0.463500
4,0.414319
5,0.377729
6,0.351409
7,0.329778
8,0.312468
9,0.295628
10,0.282773
11,0.273236
12,0.265150
13,0.254320
14,0.247906
15,0.242807
16,0.237167
17,0.228706
18,0.226240
19,0.215517
20,0.219021
21,0.214589
22,0.210110
23,0.208154
24,0.204041
25,0.200930
26,0.196828
27,0.197510
28,0.193288
29,0.190847
30,0.184586
31,0.182200
32,0.180498
33,0.176998
34,0.177148
35,0.176682
36,0.176959
37,0.177092
38,0.176085
39,0.179010
40,0.175262
41,0.174370
42,0.170226
43,0.170599
44,0.170550
45,0.172732
46,0.165241
47,0.164656
48,0.167725
49,0.168917
50,0.170205
51,0.170143
52,0.168471
53,0.162869
54,0.163277
55,0.162362
56,0.167106
57,0.164552
58,0.169836
59,0.169767
60,0.169502
61,0.168121
62,0.166875
63,0.165099
64,0.169216
65,0.172913
66,0.170036
67,0.170511
68,0.171349
69,0.167471
70,0.168232
71,0.168516
72,0.169619
73,0.170189
74,0.165984
75,0.165522
76,0.163375
77,0.163171
78,0.162814
79,0.165800
80,0.164801
81,0.166387
82,0.165106
83,0.170008
84,0.164072
85,0.166502
86,0.164184
87,0.164122
88,0.164208
89,0.164733
90,0.164382
91,0.163525
92,0.166418
93,0.166434
94,0.168547
95,0.166422
96,0.164690
97,0.163769
98,0.165983
99,0.165644
100,0.165658
101,0.162983
102,0.163327
103,0.166929
104,0.167871
105,0.166617
106,0.162432
107,0.162263
108,0.165753
109,0.169419
110,0.166691
111,0.167566
112,0.167694
113,0.167498
114,0.166025
115,0.163872
116,0.166191
117,0.167928
118,0.165623
119,0.163111
120,0.163869
121,0.164240
122,0.163741
123,0.166408
124,0.166221
125,0.165495
126,0.165990
127,0.169004
128,0.165504
129,0.165616
130,0.165448
131,0.163761
132,0.164068
133,0.160709
134,0.162190
135,0.164500
136,0.164784
137,0.166429
138,0.168001
139,0.169881
140,0.165158
141,0.164682
142,0.165659
143,0.164176
144,0.165716
145,0.163108
146,0.166219
147,0.167958
148,0.167560
149,0.170293
150,0.165913
151,0.163880
152,0.165084
153,0.166834
154,0.165295
155,0.167373
156,0.170589
157,0.170879
158,0.168149
159,0.165357
160,0.166837
161,0.169329
162,0.165493
163,0.162842
164,0.162786
165,0.163354
166,0.164609
167,0.165825
168,0.165329
169,0.165184
170,0.162752
171,0.167300
172,0.165054
173,0.165127
174,0.164176
175,0.163471
176,0.163882
177,0.162801
178,0.161340
179,0.163466
180,0.165210
181,0.164063
182,0.166621
183,0.167375
184,0.163354
185,0.162596
186,0.163991
187,0.163833
188,0.163371
189,0.163476
190,0.167023
191,0.168532
192,0.167805
193,0.168639
194,0.167123
195,0.166234
196,0.164743
197,0.168302
198,0.168025
199,0.168564
200,0.165785
201,0.167507
202,0.168777
203,0.165081
204,0.166217
205,0.168215
206,0.163953
207,0.161954
208,0.163612
209,0.165223
210,0.165530
211,0.167595
212,0.166018
213,0.167344
214,0.163832
215,0.167075
216,0.164413
217,0.164892
218,0.167022
219,0.165593
220,0.164903
221,0.165498
222,0.163444
223,0.164086
224,0.166737
225,0.167087
226,0.168269
227,0.168892
228,0.166193
229,0.165291
230,0.163241
231,0.165342
232,0.165332
233,0.166465
234,0.167468
235,0.166560
236,0.166871
237,0.167905
238,0.166152
239,0.166478
240,0.167376
241,0.169876
242,0.170661
243,0.171024
244,0.168981
245,0.170657
246,0.169990
247,0.167175
248,0.168784
249,0.169577
250,0.167227
251,0.165183
252,0.164870
253,0.165829
254,0.166509
255,0.167909
256,0.166521
257,0.167557
258,0.166522
259,0.166058
260,0.166718
261,0.165844
262,0.165842
263,0.165891
264,0.166214
265,0.164860
266,0.163927
267,0.163038
268,0.165110
269,0.165202
270,0.167293
271,0.167795
272,0.166018
273,0.165380
274,0.164877
275,0.166395
276,0.165779
277,0.166317
278,0.167393
279,0.168830
280,0.168151
281,0.169384
282,0.168749
283,0.168579
284,0.167889
285,0.170469
286,0.172429
287,0.173123
288,0.170868
289,0.171123
290,0.170243
291,0.168609
292,0.169035
293,0.170501
294,0.169290
295,0.168475
296,0.168258
297,0.168019
298,0.168364
299,0.169743
300,0.168596
301,0.168696
302,0.168421
303,0.169047
304,0.168448
305,0.167330
306,0.167479
307,0.167561
308,0.167481
309,0.167154
310,0.167225
311,0.165959
312,0.166503
313,0.165753
314,0.166846
315,0.168043
316,0.168096
317,0.168061
318,0.167364
319,0.168204
320,0.168478
321,0.168869
322,0.169982
323,0.170742
324,0.170460
325,0.170711
326,0.171089
327,0.171171
328,0.170213
329,0.170673
330,0.171787
331,0.172926
332,0.172479
333,0.172213
334,0.172231
335,0.170734
336,0.170337
337,0.170847
338,0.170916
339,0.169746
340,0.169476
341,0.169504
342,0.169500
343,0.170099
344,0.170416
345,0.170092
346,0.169853
347,0.169346
348,0.169138
349,0.168525
350,0.169131
351,0.169019
352,0.168756
353,0.168782
354,0.168200
355,0.167458
356,0.167669
357,0.167590
358,0.167610
359,0.167957
360,0.168405
361,0.168472
362,0.168145
363,0.168742
364,0.168727
365,0.168843
366,0.168916
367,0.169245
368,0.169330
369,0.169638
370,0.170111
371,0.170361
372,0.170478
373,0.170648
374,0.170715
375,0.171117
376,0.171119
377,0.171216
e
