0.084166 
0.059279 
0.025973 
0.013702 
0.000275 
0.000276 
0.000276 
0.000276 
0.000276 
0.034573 
0.048278 
New data

run 0
0.157231 
0.025973 
0.000274 
0.000275 
0.000275 
0.000276 
0.000276 
0.000276 
0.001893 
0.003564

run 1
 
0.254622 
0.084165 
0.059279 
0.025973 
0.013702 
0.000275 
0.000276 
0.000613 
0.001375 
0.000276 

run 2

0.254621 
0.084165 
0.059279 
0.025973 
0.013702 
0.000275 
0.000276 
0.000276 
0.000276 
0.000276 
run 3



0.254623 
0.084166 
0.059279 
0.025973 
0.013705 
0.000275 
0.000276 
0.000276 
0.000276 
0.001375 
run 4

0.254627 
0.084165 
0.059279 
0.025973 
0.013703 
0.000275 
0.012546 
0.000276 
0.000276 
0.012371 

learn rate

0.000274 
0.000275 
0.000275 
0.000276 
0.000276 
0.000276 
0.000276 
0.002918 



0.013705 
0.000276 
0.000276 
0.000276 
0.000276 
0.000276 
0.000276 
0.000276 


0.000274 
0.000275 
0.000275 
0.000276 
0.000276 
0.012546 
0.001247 
0.001247 


0.000274 
0.000275 
0.000275 
0.000276 
0.000276 
0.000276 
0.008847 
0.000276

 
0.000274 
0.000275 
0.000275 
0.000276 
0.000276 
0.012546 
0.013517 
0.000276 


0.000274 
0.000275 
0.000275 
0.000276 
0.000276 
0.000276 
0.009817
0.001247



0.000276 
0.000276 
0.001247 
0.012546 
0.013193 
0.000276 
